submitter_id.samples	submitter_id	SLC20A1	PITX2	hsa.let.7c	hsa.mir.377	hsa.mir.135b
TCGA-4P-AA8J-01A	TCGA-4P-AA8J	3.407968935	1.069901048	9.40225626	3.058764302	5.650565802
TCGA-BA-4074-01A	TCGA-BA-4074	4.381422989	1.839674015	10.20207357	2.90147283	5.696287248
TCGA-BA-4077-01B	TCGA-BA-4077	3.329077325	2.325053354	11.45586846	2.185583369	6.543446205
TCGA-BA-5151-01A	TCGA-BA-5151	4.105018969	0.949623383	6.72340922	2.351817416	4.679649779
TCGA-BA-5153-01A	TCGA-BA-5153	3.363249602	0.023396514	9.448662144	0	8.278220667
TCGA-BA-5556-01A	TCGA-BA-5556	4.040893909	0.874376562	9.252670681	1.152971898	6.430488564
TCGA-BA-5559-01A	TCGA-BA-5559	3.772027401	1.355594375	12.07222169	1.348424501	5.888632236
TCGA-BA-6871-01A	TCGA-BA-6871	3.743807375	1.384417228	12.03506926	2.165416113	7.802385977
TCGA-BA-6872-01A	TCGA-BA-6872	4.533013835	1.007347704	9.075778849	0.812394717	4.655120349
TCGA-BA-6873-01A	TCGA-BA-6873	4.268143192	1.359226761	10.66879487	1.445551917	4.283024919
TCGA-BA-7269-01A	TCGA-BA-7269	2.752215036	0.844851236	10.62458747	1.984163861	3.518644911
TCGA-BA-A4IF-01A	TCGA-BA-A4IF	3.559379515	0.523014997	10.60620565	3.348486823	6.07719676
TCGA-BA-A4IG-01A	TCGA-BA-A4IG	4.102667601	0.024452853	12.21183806	1.281810398	6.887257226
TCGA-BA-A4IH-01A	TCGA-BA-A4IH	3.733899425	0.290278909	12.17361573	1.284233384	8.049290102
TCGA-BA-A4II-01A	TCGA-BA-A4II	3.550285808	1.878179196	8.282812177	1.621663221	5.077888905
TCGA-BA-A6D8-01A	TCGA-BA-A6D8	3.422184948	0.651959813	8.847383437	2.626154074	2.723542835
TCGA-BA-A6DB-01A	TCGA-BA-A6DB	3.064262876	2.699240507	10.3772094	3.115248366	3.866756779
TCGA-BA-A6DD-01A	TCGA-BA-A6DD	2.819150337	1.593843883	10.34496975	2.377073483	5.379804891
TCGA-BA-A6DE-01A	TCGA-BA-A6DE	3.195916409	2.222919082	11.81852287	1.76839227	6.740072008
TCGA-BA-A6DG-01A	TCGA-BA-A6DG	4.071412985	0.809056894	8.394715211	2.929766385	5.395366015
TCGA-BA-A6DJ-01A	TCGA-BA-A6DJ	4.261549974	1.548149561	10.83230772	1.895853998	6.244869862
TCGA-BA-A6DL-01A	TCGA-BA-A6DL	4.421441092	3.284624045	10.12592156	1.639873939	6.449876323
TCGA-BA-A8YP-01A	TCGA-BA-A8YP	4.81527299	2.195076336	11.07726636	2.212823306	5.386570109
TCGA-BB-4223-01A	TCGA-BB-4223	3.428443869	0.029980506	12.3236088	0.58665331	6.45622028
TCGA-BB-4224-01A	TCGA-BB-4224	4.180599374	1.573926302	9.106915221	0.667798591	6.41238307
TCGA-BB-4225-01A	TCGA-BB-4225	3.689526867	0.008530118	13.63937269	1.07008633	7.379236543
TCGA-BB-4228-01A	TCGA-BB-4228	3.975278962	0.054280928	13.55621093	0.529846927	7.636075567
TCGA-BB-8601-01A	TCGA-BB-8601	3.405266129	2.061302053	8.638093895	0.636229718	6.084933682
TCGA-BB-A5HU-01A	TCGA-BB-A5HU	4.469344948	0.864389167	8.928181706	2.177192915	5.675279731
TCGA-BB-A5HZ-01A	TCGA-BB-A5HZ	3.35326958	0.043920969	10.1636595	2.356501904	5.409631592
TCGA-BB-A6UO-01A	TCGA-BB-A6UO	3.654870217	1.373254049	7.750683293	2.846584177	4.998410673
TCGA-C9-A47Z-01A	TCGA-C9-A47Z	3.087375591	1.104645814	7.430704219	0	5.703716461
TCGA-C9-A480-01A	TCGA-C9-A480	3.448263063	0.730856809	7.695978402	1.451065483	6.094676202
TCGA-CN-4725-01A	TCGA-CN-4725	3.790051793	1.058491264	8.856203813	2.93915999	6.259071306
TCGA-CN-4726-01A	TCGA-CN-4726	3.069256456	0.22506376	8.574871349	2.031562113	4.44207377
TCGA-CN-4733-01A	TCGA-CN-4733	3.676104924	0.348234557	10.96678669	2.040580017	3.948427041
TCGA-CN-4736-01A	TCGA-CN-4736	3.232595451	1.696018969	10.8218916	3.273004814	5.493618227
TCGA-CN-4737-01A	TCGA-CN-4737	3.090537674	1.459987042	9.95444371	1.663964834	4.635608548
TCGA-CN-4740-01A	TCGA-CN-4740	3.450675724	3.958699156	11.48121136	1.766616786	4.955679569
TCGA-CN-4741-01A	TCGA-CN-4741	3.241186932	3.37725477	12.27569258	1.222866372	5.045198307
TCGA-CN-4742-01A	TCGA-CN-4742	3.175122041	1.072819996	9.064543877	2.032507844	5.315100859
TCGA-CN-5358-01A	TCGA-CN-5358	3.663980565	0.919561115	11.01393864	2.731030273	3.540287953
TCGA-CN-5359-01A	TCGA-CN-5359	4.756602741	0.914993319	10.12558968	2.748699301	3.298909739
TCGA-CN-5364-01A	TCGA-CN-5364	3.069937495	4.238282641	11.70456012	4.131304012	5.119668298
TCGA-CN-5365-01A	TCGA-CN-5365	2.892932012	0.44465019	8.062143903	1.667473899	5.865833937
TCGA-CN-5367-01A	TCGA-CN-5367	3.67137248	1.717715338	10.64532848	4.68661633	5.543923061
TCGA-CN-5369-01A	TCGA-CN-5369	3.631089911	1.774048411	9.972354035	2.081370649	5.944898307
TCGA-CN-5370-01A	TCGA-CN-5370	3.746786402	0.684913154	10.78620556	2.599802182	4.202297113
TCGA-CN-5373-01A	TCGA-CN-5373	2.741916851	0.876503672	9.910997954	1.959064954	5.25035296
TCGA-CN-5374-01A	TCGA-CN-5374	3.360531738	5.666693062	11.27304049	1.687609435	7.628982265
TCGA-CN-6011-01A	TCGA-CN-6011	3.566300291	1.457241987	9.264865203	1.785993649	6.280242025
TCGA-CN-6013-01A	TCGA-CN-6013	3.125263419	1.226706655	9.699237041	0.863822713	4.120772527
TCGA-CN-6016-01A	TCGA-CN-6016	2.7496321	1.64993535	11.10770693	2.684825244	3.589534962
TCGA-CN-6017-01A	TCGA-CN-6017	3.437213058	2.004621301	10.64668602	3.327984494	3.381120126
TCGA-CN-6019-01A	TCGA-CN-6019	3.047292343	1.074244061	11.27006023	3.307149286	5.126678829
TCGA-CN-6020-01A	TCGA-CN-6020	3.512046881	2.865919797	10.75689417	2.7772661	5.467304264
TCGA-CN-6024-01A	TCGA-CN-6024	5.050646571	2.81451937	12.07144483	2.900133177	5.871817485
TCGA-CN-6995-01A	TCGA-CN-6995	3.809583899	0.989169474	8.37092619	1.339530223	4.873702187
TCGA-CN-6996-01A	TCGA-CN-6996	3.611780582	1.425043132	9.417166441	2.53726177	4.481143141
TCGA-CN-6998-01A	TCGA-CN-6998	3.163925955	0.984072038	10.40201543	1.684134698	5.016031719
TCGA-CN-A498-01A	TCGA-CN-A498	3.405285848	0.436762022	10.00422948	0.345639359	6.807261904
TCGA-CN-A499-01A	TCGA-CN-A499	3.924830517	0.627546513	8.598039574	1.06634136	7.3113056
TCGA-CN-A49A-01A	TCGA-CN-A49A	4.302913965	2.074294913	11.63072941	3.137452373	4.564148636
TCGA-CN-A49C-01A	TCGA-CN-A49C	3.539020046	0.231896581	10.95261362	0	7.436410306
TCGA-CN-A63V-01A	TCGA-CN-A63V	3.485301649	1.523469205	10.11291683	4.736839659	5.303653201
TCGA-CN-A642-01A	TCGA-CN-A642	4.665178634	2.050267379	8.112943327	1.5139197	6.641923762
TCGA-CN-A6UY-01A	TCGA-CN-A6UY	3.473013854	0.006012651	9.544566225	0.753062782	7.887320239
TCGA-CN-A6V6-01A	TCGA-CN-A6V6	3.284614214	0.695267483	10.24984522	2.283655427	6.124824907
TCGA-CN-A6V7-01A	TCGA-CN-A6V7	3.460471891	0.720355599	11.29153791	0	6.142780274
TCGA-CQ-5325-01A	TCGA-CQ-5325	3.415232519	1.680977018	9.845340397	1.485532449	5.186026224
TCGA-CQ-5327-01A	TCGA-CQ-5327	3.687354961	1.561556133	9.423234744	1.867262725	5.463721874
TCGA-CQ-5329-01A	TCGA-CQ-5329	3.482055014	0.693679154	8.272020188	2.890326252	4.660096496
TCGA-CQ-5330-01A	TCGA-CQ-5330	3.772534694	1.191574231	9.758907415	2.073684867	5.598971511
TCGA-CQ-5333-01A	TCGA-CQ-5333	3.544929163	1.587662708	8.976732248	4.199665514	5.502195581
TCGA-CQ-5334-01A	TCGA-CQ-5334	4.259885182	0.953396213	9.26666798	3.343440656	4.948265083
TCGA-CQ-6218-01A	TCGA-CQ-6218	3.45650895	1.249311141	10.47269833	2.162042099	4.987800487
TCGA-CQ-6219-01A	TCGA-CQ-6219	3.870957526	1.168737672	10.22605754	3.735238484	4.087174104
TCGA-CQ-6221-01A	TCGA-CQ-6221	2.727259515	1.415253951	11.5981715	0.46147303	2.913366819
TCGA-CQ-6222-01A	TCGA-CQ-6222	2.597311233	1.820542886	10.5294654	4.663010324	4.131658786
TCGA-CQ-6224-01A	TCGA-CQ-6224	3.59750291	1.744728391	10.44360671	2.508700432	3.96433754
TCGA-CQ-6229-01A	TCGA-CQ-6229	3.354682073	0.94700271	9.60265432	2.515522226	4.636692592
TCGA-CQ-7063-01A	TCGA-CQ-7063	4.390205653	0.918993055	10.58744605	0.719978949	5.141569836
TCGA-CQ-7065-01A	TCGA-CQ-7065	3.00439826	1.811488983	8.537424495	1.107610879	5.624691161
TCGA-CQ-7069-01A	TCGA-CQ-7069	4.809704204	0.980200375	8.179913955	2.871811917	5.465503325
TCGA-CQ-7071-01A	TCGA-CQ-7071	3.550418447	1.262124973	9.793034912	1.098592035	5.821477136
TCGA-CQ-7072-01A	TCGA-CQ-7072	4.015338997	1.28450876	10.87095458	4.0699513	5.52820416
TCGA-CQ-A4C6-01A	TCGA-CQ-A4C6	3.596822273	1.062057946	8.329559183	2.401562207	5.368286265
TCGA-CQ-A4C7-01A	TCGA-CQ-A4C7	3.743755627	1.226316083	8.89980765	3.344536521	5.027539494
TCGA-CQ-A4C9-01A	TCGA-CQ-A4C9	2.929988214	2.69619275	9.95568599	1.89882439	6.11326903
TCGA-CQ-A4CB-01A	TCGA-CQ-A4CB	4.710247229	1.498643969	10.2114845	3.317813727	4.780695921
TCGA-CQ-A4CE-01A	TCGA-CQ-A4CE	2.357056812	1.251147694	10.117597	2.021280366	5.381648154
TCGA-CQ-A4CG-01A	TCGA-CQ-A4CG	4.797894967	1.729019706	9.89044344	2.020050538	6.05969218
TCGA-CQ-A4CH-01A	TCGA-CQ-A4CH	4.355176748	0.895918729	8.584234759	2.673332992	5.948087053
TCGA-CQ-A4CI-01A	TCGA-CQ-A4CI	3.921485772	1.585012399	9.37228825	1.933670074	4.356525285
TCGA-CR-5243-01A	TCGA-CR-5243	3.419825738	0.012507139	12.07598029	1.856878156	6.134585018
TCGA-CR-5247-01A	TCGA-CR-5247	2.558184326	0.121786799	9.94602041	2.092808887	5.10059662
TCGA-CR-5248-01A	TCGA-CR-5248	3.939490579	0	11.74090286	0.721182767	5.234276284
TCGA-CR-5249-01A	TCGA-CR-5249	3.346327557	1.163794487	13.42093243	0.308115026	5.685797525
TCGA-CR-5250-01A	TCGA-CR-5250	3.509042963	0.004994299	12.73847752	0.930843289	8.842205099
TCGA-CR-6467-01A	TCGA-CR-6467	3.619206525	0.018312802	13.58202978	1.391519186	6.03867675
TCGA-CR-6470-01A	TCGA-CR-6470	3.468011228	1.259219169	13.47871183	2.140958573	5.511637676
TCGA-CR-6472-01A	TCGA-CR-6472	2.730215158	0.047602098	13.71651623	2.370834406	1.316229173
TCGA-CR-6477-01A	TCGA-CR-6477	3.53212856	0.416012397	10.02430272	2.039062922	5.858297358
TCGA-CR-6478-01A	TCGA-CR-6478	3.559875474	0.237213684	10.00708668	1.319232933	5.908469675
TCGA-CR-6480-01A	TCGA-CR-6480	2.918751706	0.120860215	12.81529535	0.490592721	5.531731876
TCGA-CR-6481-01A	TCGA-CR-6481	3.74863554	1.538019103	11.74170516	0.858844364	5.169289715
TCGA-CR-6482-01A	TCGA-CR-6482	3.743972744	0.00446149	11.14097925	0	3.640931134
TCGA-CR-6487-01A	TCGA-CR-6487	3.594077491	0.037514352	12.43872995	1.276630656	3.859560925
TCGA-CR-6488-01A	TCGA-CR-6488	3.640362318	1.574427238	9.18767102	2.494193621	5.829905207
TCGA-CR-6491-01A	TCGA-CR-6491	3.370776786	1.550171582	11.11199949	1.402353271	4.813260188
TCGA-CR-6492-01A	TCGA-CR-6492	3.349404076	3.012413133	10.26955399	1.816100769	6.572954558
TCGA-CR-6493-01A	TCGA-CR-6493	4.397265987	1.433448511	7.519279324	0	6.558722324
TCGA-CR-7372-01A	TCGA-CR-7372	2.571619082	1.339357528	11.19503536	1.774762184	3.296065
TCGA-CR-7382-01A	TCGA-CR-7382	6.293750671	2.051924391	11.11868483	3.025086572	3.754414114
TCGA-CR-7383-01A	TCGA-CR-7383	3.898392423	0.883305404	10.94068779	3.472045667	4.453806221
TCGA-CR-7385-01A	TCGA-CR-7385	3.573557603	2.598219798	12.73758081	0.842405259	5.479522965
TCGA-CR-7390-01A	TCGA-CR-7390	4.638749631	0.681865785	8.466998981	1.91062906	5.157599534
TCGA-CR-7391-01A	TCGA-CR-7391	2.44582184	3.530602039	11.57605288	1.927396258	3.706621941
TCGA-CR-7392-01A	TCGA-CR-7392	2.915586508	0.373987399	10.13079719	2.575890019	4.105214005
TCGA-CR-7393-01A	TCGA-CR-7393	3.229957653	3.025611217	12.87203099	1.829498076	3.533739252
TCGA-CR-7394-01A	TCGA-CR-7394	3.067724733	1.18846558	11.68610197	1.674021268	4.677407211
TCGA-CR-7397-01A	TCGA-CR-7397	3.873072302	2.788444146	11.55250168	2.840381454	4.334207771
TCGA-CR-7401-01A	TCGA-CR-7401	2.673500325	2.224211951	11.48113524	2.160465242	4.064653533
TCGA-CR-7404-01A	TCGA-CR-7404	3.672249507	0.755071399	12.11124042	1.62519239	3.679655183
TCGA-CV-5436-01A	TCGA-CV-5436	2.657181942	1.847955743	10.84174091	4.667051519	5.192267285
TCGA-CV-5439-01A	TCGA-CV-5439	3.171931313	0.061523048	9.75458733	2.314541373	4.91965071
TCGA-CV-5442-01A	TCGA-CV-5442	1.866107994	1.16437013	6.779543122	0.349604197	7.511968994
TCGA-CV-5970-01A	TCGA-CV-5970	2.877402958	0.757202566	9.744100254	1.317676273	3.717471237
TCGA-CV-5971-01A	TCGA-CV-5971	3.332039378	2.48325414	10.76939573	3.695841187	2.837016189
TCGA-CV-5973-01A	TCGA-CV-5973	2.214836992	0.699621662	10.23131529	0.274370213	5.98688615
TCGA-CV-5976-01A	TCGA-CV-5976	4.361163349	0.795707028	10.21740883	3.111849776	6.675512812
TCGA-CV-5977-01A	TCGA-CV-5977	3.574700751	1.781602928	9.100438806	2.142794076	7.0542183
TCGA-CV-5979-01A	TCGA-CV-5979	3.543422035	1.237631874	8.009668348	2.394780816	6.401275022
TCGA-CV-6003-01A	TCGA-CV-6003	3.887885215	0.889585309	9.173428702	1.537549542	6.394001301
TCGA-CV-6433-01A	TCGA-CV-6433	3.817011183	0.015994793	11.98406836	2.089941129	5.994968539
TCGA-CV-6436-01A	TCGA-CV-6436	2.972023213	0.907276043	9.861363441	0	6.281922073
TCGA-CV-6441-01A	TCGA-CV-6441	3.03077493	1.490794636	10.34995919	2.927477234	6.378527073
TCGA-CV-6933-01A	TCGA-CV-6933	3.518842253	1.753614727	10.17958771	2.112361852	5.152567045
TCGA-CV-6934-01A	TCGA-CV-6934	3.24670752	3.44369722	11.11856481	2.723918262	4.399299632
TCGA-CV-6936-01A	TCGA-CV-6936	4.343906983	3.657349855	10.51026156	0.639430375	5.764330522
TCGA-CV-6939-01A	TCGA-CV-6939	3.682175886	0.540131663	12.84567279	2.714887086	5.529546121
TCGA-CV-6940-01A	TCGA-CV-6940	3.856630881	2.08373859	11.22416634	2.849554777	3.877118947
TCGA-CV-6941-01A	TCGA-CV-6941	3.297008126	2.253377094	11.85237595	2.772949992	3.711748953
TCGA-CV-6943-01A	TCGA-CV-6943	2.933171631	2.851888808	11.37719979	2.576622748	4.199982913
TCGA-CV-6945-01A	TCGA-CV-6945	3.188820911	1.657926328	9.055957112	2.398955289	4.656526746
TCGA-CV-6948-01A	TCGA-CV-6948	3.029938382	2.58491568	10.16259314	2.613646451	4.032229675
TCGA-CV-6950-01A	TCGA-CV-6950	4.438249958	0.466169574	8.8112852	1.892599303	3.946911326
TCGA-CV-6951-01A	TCGA-CV-6951	2.981655386	1.768266284	9.563299586	3.450123025	3.932940188
TCGA-CV-6952-01A	TCGA-CV-6952	4.146365626	1.127385909	9.184508361	1.926460628	4.838547332
TCGA-CV-6953-01A	TCGA-CV-6953	2.747824809	1.244041022	11.4380609	1.247993724	5.226523018
TCGA-CV-6954-01A	TCGA-CV-6954	2.628994477	1.186602768	10.14895767	2.279840911	4.037819445
TCGA-CV-6956-01A	TCGA-CV-6956	3.648675693	1.66054732	10.16492742	2.574231599	6.048418778
TCGA-CV-6959-01A	TCGA-CV-6959	3.758132296	1.229343484	11.07921711	2.273693418	3.449881175
TCGA-CV-6961-01A	TCGA-CV-6961	3.923088725	2.03624289	10.4086719	2.82147859	5.308158796
TCGA-CV-7102-01A	TCGA-CV-7102	4.084612611	1.806534952	10.63567514	5.069051725	5.390867507
TCGA-CV-7103-01A	TCGA-CV-7103	3.088760163	1.933343725	10.95431881	2.069358807	4.460012908
TCGA-CV-7104-01A	TCGA-CV-7104	3.542286657	1.158774876	10.3639272	3.41676747	3.937112808
TCGA-CV-7180-01A	TCGA-CV-7180	3.579631111	2.440640315	10.63667484	2.164261098	4.907839433
TCGA-CV-7235-01A	TCGA-CV-7235	3.066118543	1.125336779	10.98426093	2.466842432	3.300243383
TCGA-CV-7236-01A	TCGA-CV-7236	4.70891502	1.208731782	11.41613387	3.070617221	4.6962752
TCGA-CV-7238-01A	TCGA-CV-7238	3.505996871	1.652979292	10.46157423	3.126170365	4.26479207
TCGA-CV-7255-01A	TCGA-CV-7255	4.703712794	0.700860311	9.554341303	2.213990479	6.823579839
TCGA-CV-7406-01A	TCGA-CV-7406	2.985607818	1.845578822	11.34203839	2.847232476	4.648501913
TCGA-CV-7407-01A	TCGA-CV-7407	3.163023943	1.565373085	10.52142552	2.895364284	5.548369236
TCGA-CV-7438-01A	TCGA-CV-7438	3.291544143	1.659992642	10.15948634	2.685635435	5.474732275
TCGA-CV-7446-01A	TCGA-CV-7446	3.72821616	2.926626865	9.178197631	2.262773495	3.17318981
TCGA-CV-A45O-01A	TCGA-CV-A45O	2.430976351	0.495419586	7.448034818	2.282520463	6.107779227
TCGA-CV-A45P-01A	TCGA-CV-A45P	2.911109155	2.364757862	10.13785268	1.562150577	6.277150011
TCGA-CV-A45Q-01A	TCGA-CV-A45Q	2.918529946	0.305008342	9.796489163	3.282439212	6.089833743
TCGA-CV-A45R-01A	TCGA-CV-A45R	2.531563844	6.00728649	10.51181084	1.673041665	6.010712625
TCGA-CV-A45T-01A	TCGA-CV-A45T	3.374069363	1.923475146	9.624456371	2.467421134	5.352927166
TCGA-CV-A45U-01A	TCGA-CV-A45U	3.228138382	2.067540194	9.349828168	2.020564427	6.078923277
TCGA-CV-A45V-01A	TCGA-CV-A45V	2.285465324	4.210032544	10.5187693	2.39923345	4.155093136
TCGA-CV-A45X-01A	TCGA-CV-A45X	2.877036687	1.772064444	8.706276822	1.723955166	6.690295869
TCGA-CV-A463-01A	TCGA-CV-A463	2.320005999	2.078301538	10.9011468	1.541887979	5.389275077
TCGA-CV-A464-01A	TCGA-CV-A464	3.07095736	1.78543062	11.46620772	3.637125287	4.593934676
TCGA-CV-A465-01A	TCGA-CV-A465	3.252671537	0.766516261	8.411303339	1.949076559	5.088934234
TCGA-CV-A468-01A	TCGA-CV-A468	3.595204778	2.637241155	11.4368061	2.788765673	3.78720572
TCGA-CV-A6JD-01A	TCGA-CV-A6JD	4.15712404	1.547944851	9.137352115	2.641467881	6.709710506
TCGA-CV-A6JE-01A	TCGA-CV-A6JE	2.67173137	0.744006029	11.73605036	1.941105184	6.179931198
TCGA-CV-A6JN-01A	TCGA-CV-A6JN	3.403605067	0.578443904	8.158617751	2.011673818	6.061888823
TCGA-CV-A6JO-01B	TCGA-CV-A6JO	4.727735608	1.680793194	9.37454971	3.239094164	6.392981837
TCGA-CV-A6JT-01A	TCGA-CV-A6JT	2.99446903	0.534720286	9.148362733	1.772568954	5.610258098
TCGA-CV-A6JU-01A	TCGA-CV-A6JU	3.625272113	1.699130156	10.66008863	3.996759316	5.11302933
TCGA-CV-A6JY-01A	TCGA-CV-A6JY	1.97433406	2.478677453	9.9815843	0.698904762	4.875724339
TCGA-CV-A6JZ-01A	TCGA-CV-A6JZ	3.293678228	1.505581124	9.957432911	3.159933644	4.398676937
TCGA-CV-A6K0-01B	TCGA-CV-A6K0	3.797612995	3.711894939	11.20029495	2.743328399	5.447567097
TCGA-CV-A6K2-01A	TCGA-CV-A6K2	3.599583095	5.191922212	9.541853199	1.947841177	5.618995402
TCGA-CX-7085-01A	TCGA-CX-7085	3.69601016	0.859138122	11.73440476	2.888778506	3.367153666
TCGA-CX-7086-01A	TCGA-CX-7086	3.08509451	1.986772234	9.969899386	0.841387874	5.041542373
TCGA-CX-7219-01A	TCGA-CX-7219	4.979068837	1.170227904	8.79473056	1.144468671	4.819645756
TCGA-CX-A4AQ-01A	TCGA-CX-A4AQ	3.271710618	2.334076394	11.01809109	2.030885858	7.323533363
TCGA-D6-6515-01A	TCGA-D6-6515	3.131528587	2.122221375	11.35263461	1.534492952	3.910426632
TCGA-D6-6516-01A	TCGA-D6-6516	2.732078872	1.413086824	7.216923471	0.670000029	5.371210553
TCGA-D6-6823-01A	TCGA-D6-6823	4.08115445	1.183448822	9.25544072	0.813532898	5.86274967
TCGA-D6-6825-01A	TCGA-D6-6825	3.245505752	0.903236415	9.642185485	1.461280755	3.041470795
TCGA-D6-6827-01A	TCGA-D6-6827	3.526613907	2.798830231	11.83735763	2.874230594	3.829328188
TCGA-D6-8569-01A	TCGA-D6-8569	4.102689402	1.713170249	8.392553795	1.696991777	3.719421351
TCGA-D6-A4Z9-01A	TCGA-D6-A4Z9	3.750169922	1.709089198	7.879595447	2.787584165	5.604651874
TCGA-D6-A4ZB-01A	TCGA-D6-A4ZB	2.825060886	3.063194958	9.486886962	2.153026395	5.499660222
TCGA-D6-A6EM-01A	TCGA-D6-A6EM	2.836677126	0.740487942	10.10386419	3.749877363	3.803381322
TCGA-D6-A6EN-01A	TCGA-D6-A6EN	4.949258757	1.175745231	6.800910057	1.519323999	7.104679752
TCGA-D6-A6EO-01A	TCGA-D6-A6EO	4.289963671	1.791692794	10.61952624	0.745974736	7.289061253
TCGA-DQ-5624-01A	TCGA-DQ-5624	4.044828065	0.512070152	8.731904168	1.170198126	4.716244669
TCGA-DQ-5625-01A	TCGA-DQ-5625	2.921780722	1.47738132	10.34054744	2.111468396	5.00706262
TCGA-DQ-5630-01A	TCGA-DQ-5630	3.562733291	1.543346839	11.0591498	2.521628956	4.168646448
TCGA-DQ-5631-01A	TCGA-DQ-5631	4.20919283	0.536119789	9.261024149	1.921040183	5.587513724
TCGA-DQ-7591-01A	TCGA-DQ-7591	3.075340106	0.022465104	10.75179097	1.050506573	8.031618422
TCGA-DQ-7592-01A	TCGA-DQ-7592	3.747393512	0.912901257	8.948364843	1.719410836	5.173255303
TCGA-F7-8489-01A	TCGA-F7-8489	3.832233672	2.553013833	9.512823923	0.39596105	4.363226316
TCGA-F7-A50G-01A	TCGA-F7-A50G	3.230888181	1.886447011	9.80973085	2.037837276	6.667380763
TCGA-F7-A50J-01A	TCGA-F7-A50J	3.37466109	0.993751035	9.735304528	1.363496873	6.140168755
TCGA-F7-A61S-01A	TCGA-F7-A61S	2.989395455	1.005553535	10.7122387	1.351351296	5.637678548
TCGA-F7-A61V-01A	TCGA-F7-A61V	2.500410014	3.150063473	11.98714701	2.541732392	7.311427104
TCGA-F7-A61W-01A	TCGA-F7-A61W	3.624484511	0.336132371	7.982005127	2.730026232	5.884610546
TCGA-F7-A620-01A	TCGA-F7-A620	3.707671151	1.184481151	8.386597035	3.236648742	7.211153136
TCGA-F7-A624-01A	TCGA-F7-A624	5.246199244	0.151863243	7.168436234	3.785829857	6.122134175
TCGA-H7-8501-01A	TCGA-H7-8501	5.116892961	1.79986501	8.058879143	1.680180305	6.438075682
TCGA-H7-8502-01A	TCGA-H7-8502	3.959237398	1.540069316	8.868005755	2.958354767	4.002360211
TCGA-H7-A6C4-01A	TCGA-H7-A6C4	3.352643715	1.433104765	8.786123315	2.716677966	5.934658311
TCGA-H7-A76A-01A	TCGA-H7-A76A	3.918182568	0.495402536	10.4081197	2.389318999	5.95862201
TCGA-HD-7753-01A	TCGA-HD-7753	3.476250631	1.807237414	10.24189257	1.32813907	5.236129909
TCGA-HD-7754-01A	TCGA-HD-7754	3.571158426	0.974414719	10.22234586	1.903274714	4.361045638
TCGA-HD-7831-01A	TCGA-HD-7831	3.604419682	0.326579941	10.89120845	3.203399141	2.787923031
TCGA-HD-7832-01A	TCGA-HD-7832	3.767765236	1.274355367	9.778443135	1.697203122	4.83558968
TCGA-HD-8224-01A	TCGA-HD-8224	3.086656281	3.298384973	10.54114806	2.404665559	2.30918754
TCGA-HD-8314-01A	TCGA-HD-8314	3.444043529	0.879891701	11.04549628	2.839989005	3.881847049
TCGA-HD-8634-01A	TCGA-HD-8634	3.856813749	2.915920234	9.683129408	2.051681143	5.998145035
TCGA-HD-8635-01A	TCGA-HD-8635	3.636955387	1.428681534	10.09943783	3.053895741	4.643887756
TCGA-HD-A4C1-01A	TCGA-HD-A4C1	4.949977531	2.304110772	10.36124987	1.655083875	5.785687962
TCGA-HD-A633-01A	TCGA-HD-A633	4.366812614	1.277215696	7.396366062	2.462323028	6.107425144
TCGA-HD-A634-01A	TCGA-HD-A634	3.412720903	0.029549753	6.897087882	2.056615087	2.056615087
TCGA-HD-A6HZ-01A	TCGA-HD-A6HZ	3.55455081	1.481490635	8.67606164	3.384758681	6.323176189
TCGA-HD-A6I0-01A	TCGA-HD-A6I0	3.650651164	0.676706109	9.693205486	2.501470483	5.908329952
TCGA-IQ-7630-01A	TCGA-IQ-7630	3.326295078	1.44788736	8.816425144	2.090719653	5.775668929
TCGA-IQ-7631-01A	TCGA-IQ-7631	3.301190978	1.371921254	11.40658842	2.893389977	7.67350228
TCGA-IQ-A61E-01A	TCGA-IQ-A61E	3.510671962	1.673683475	8.844796192	1.945430164	6.039862258
TCGA-IQ-A61G-01A	TCGA-IQ-A61G	3.362414317	1.540741475	7.197912116	2.100705225	7.03860301
TCGA-IQ-A61H-01A	TCGA-IQ-A61H	3.834358043	1.838130095	9.978375283	4.775763493	6.477611165
TCGA-IQ-A61I-01A	TCGA-IQ-A61I	3.322214673	0.0536182	9.506739498	0.8272337	10.86696541
TCGA-IQ-A61J-01A	TCGA-IQ-A61J	2.919798931	2.263910001	9.998623905	1.225394635	3.828176505
TCGA-IQ-A61O-01A	TCGA-IQ-A61O	3.224411761	1.432807816	10.74610945	2.134875755	3.86472805
TCGA-IQ-A6SH-01A	TCGA-IQ-A6SH	3.229964562	0.826662512	8.526333923	1.224431157	5.076709112
TCGA-KU-A66T-01A	TCGA-KU-A66T	4.32569509	1.80176488	8.2118707	2.026948039	6.33915271
TCGA-KU-A6H7-01A	TCGA-KU-A6H7	3.302126557	0.022440528	11.8759472	1.466620334	6.921080052
TCGA-KU-A6H7-06A	TCGA-KU-A6H7	2.407945579	0.004460835	13.31781216	0.590502379	7.563362208
TCGA-KU-A6H8-01A	TCGA-KU-A6H8	2.618367256	3.586131203	12.07189073	4.287682094	3.1094184
TCGA-MT-A51W-01A	TCGA-MT-A51W	2.884568136	1.326562661	9.822028586	2.39938003	6.332618434
TCGA-MT-A51X-01A	TCGA-MT-A51X	3.437796695	1.215765685	10.04285124	1.910004608	5.678000896
TCGA-MT-A67A-01A	TCGA-MT-A67A	2.484308206	1.108372856	10.19529613	1.862508919	5.976255521
TCGA-MT-A67D-01A	TCGA-MT-A67D	4.188428381	1.120793565	10.57250239	3.734837926	6.405875289
TCGA-MT-A67F-01A	TCGA-MT-A67F	4.21165447	0.669133624	9.644475833	2.160721126	6.722525125
TCGA-MT-A7BN-01A	TCGA-MT-A7BN	3.098389585	0.05285853	10.99644254	3.000467538	4.2844287
TCGA-MZ-A5BI-01A	TCGA-MZ-A5BI	3.815795474	0.053699654	11.41336147	2.00191859	6.956733466
TCGA-MZ-A6I9-01A	TCGA-MZ-A6I9	2.943122947	0.941244687	10.06758459	1.267495648	4.659822459
TCGA-MZ-A7D7-01A	TCGA-MZ-A7D7	3.147702971	0.486617971	9.516361446	1.609875497	6.068497385
TCGA-P3-A5Q5-01A	TCGA-P3-A5Q5	3.534747605	0.268215351	9.364690765	1.508281586	4.348335617
TCGA-P3-A5Q6-01A	TCGA-P3-A5Q6	3.824222783	1.223047245	10.10139805	2.911676052	5.302417068
TCGA-P3-A5QA-01A	TCGA-P3-A5QA	4.427890433	0.923045174	9.039156674	1.889430319	6.496036483
TCGA-P3-A5QE-01A	TCGA-P3-A5QE	3.923222321	1.063432179	12.89857901	1.05863652	7.797439191
TCGA-P3-A5QF-01A	TCGA-P3-A5QF	4.042993466	2.80010853	10.34978648	0.336371375	6.453688441
TCGA-P3-A6SW-01A	TCGA-P3-A6SW	3.818847242	2.401415305	10.08267327	2.135826728	5.536259371
TCGA-P3-A6SX-01A	TCGA-P3-A6SX	3.011507519	0.947545701	9.401534495	4.561069655	5.385455784
TCGA-P3-A6T0-01A	TCGA-P3-A6T0	4.18772965	2.051246933	10.95653524	2.252909412	4.685235836
TCGA-P3-A6T2-01A	TCGA-P3-A6T2	4.825373603	0.009003017	8.662975269	3.144742253	6.383421548
TCGA-P3-A6T3-01A	TCGA-P3-A6T3	3.969279769	0.862541307	7.914165036	2.032365724	6.063822595
TCGA-P3-A6T4-01A	TCGA-P3-A6T4	3.654574495	1.419782958	8.721213431	1.133469491	4.290653088
TCGA-P3-A6T5-01A	TCGA-P3-A6T5	3.198712867	1.341012167	9.739810933	2.237132314	4.892568267
TCGA-P3-A6T6-01A	TCGA-P3-A6T6	3.478519724	1.641432437	10.69509825	2.083651472	5.306838393
TCGA-P3-A6T7-01A	TCGA-P3-A6T7	3.660156034	1.031865966	8.497629836	2.931012984	5.185836026
TCGA-P3-A6T8-01A	TCGA-P3-A6T8	4.571573796	0.800986062	10.39116533	2.735713441	4.758615255
TCGA-QK-A64Z-01A	TCGA-QK-A64Z	3.780040363	2.28867644	10.44399563	3.768117721	5.826238001
TCGA-QK-A652-01A	TCGA-QK-A652	3.074533377	1.203770424	9.79512413	2.791163931	6.353876653
TCGA-QK-A6IF-01A	TCGA-QK-A6IF	3.951328334	0.063908781	10.14739889	1.325156118	7.07478619
TCGA-QK-A6IG-01A	TCGA-QK-A6IG	3.985068449	1.059004626	9.275668916	1.788924957	5.133611774
TCGA-QK-A6IH-01A	TCGA-QK-A6IH	2.854659361	0.700335838	10.93828011	1.813759852	5.045110262
TCGA-QK-A6II-01A	TCGA-QK-A6II	3.363415332	0.27730077	7.339830936	1.064545586	6.367902909
TCGA-QK-A6IJ-01A	TCGA-QK-A6IJ	2.691539474	1.296116747	10.13815177	1.334279365	6.175059043
TCGA-QK-A6V9-01A	TCGA-QK-A6V9	3.520914172	0.009299282	11.43057216	1.007755962	8.141602991
TCGA-QK-A6VB-01A	TCGA-QK-A6VB	3.283023013	1.999504021	12.25691082	3.076687352	3.988548363
TCGA-QK-A8Z7-01A	TCGA-QK-A8Z7	4.199398044	2.318167626	10.71135078	2.73268013	5.575007027
TCGA-QK-A8Z9-01B	TCGA-QK-A8Z9	3.546642227	1.575022677	10.5004736	2.709381298	4.802739476
TCGA-QK-A8ZA-01A	TCGA-QK-A8ZA	4.029388079	1.59082738	7.402068896	1.151821807	4.056659303
TCGA-QK-AA3K-01A	TCGA-QK-AA3K	4.189728608	1.969914963	11.44223985	4.49392729	3.218895835
TCGA-RS-A6TO-01A	TCGA-RS-A6TO	4.011475352	0.894992293	9.540144961	2.136292791	5.514692722
TCGA-RS-A6TP-01A	TCGA-RS-A6TP	3.365625448	0	10.66779829	1.67323981	4.648597742
TCGA-T2-A6WX-01A	TCGA-T2-A6WX	4.743316779	0.322624377	6.839682557	1.193632355	6.645593303
TCGA-T2-A6WZ-01A	TCGA-T2-A6WZ	4.290978811	0.738044531	9.136745331	1.922897709	4.835223925
TCGA-T2-A6X0-01A	TCGA-T2-A6X0	3.604076385	2.288149767	12.48386309	0.777612027	1.947540862
TCGA-T2-A6X2-01A	TCGA-T2-A6X2	3.590933182	1.591612713	9.77543279	1.624669904	5.891031313
TCGA-T3-A92N-01A	TCGA-T3-A92N	4.235846477	1.592701327	8.202305234	2.607660779	5.584618918
TCGA-TN-A7HI-01A	TCGA-TN-A7HI	3.665378787	0.043669595	10.7789164	1.480470394	2.499535443
TCGA-UF-A719-01A	TCGA-UF-A719	4.349669882	1.799129392	9.94679493	1.706821825	7.711684737
TCGA-UF-A71A-01A	TCGA-UF-A71A	3.653511498	2.273906258	9.170572536	3.538364707	4.237733491
TCGA-UF-A71A-06A	TCGA-UF-A71A	3.799166204	2.305944878	9.037460151	2.667606509	2.253217203
TCGA-UF-A71B-01A	TCGA-UF-A71B	3.751297506	2.51882973	9.874959991	2.823170332	5.750192046
TCGA-UF-A71E-01A	TCGA-UF-A71E	2.59023982	2.778813254	10.30975566	1.851393657	8.106816963
TCGA-UF-A7JA-01A	TCGA-UF-A7JA	2.896744562	1.874921435	10.36892971	2.892187771	6.737460241
TCGA-UF-A7JC-01A	TCGA-UF-A7JC	4.190128737	0.76630831	6.562405707	2.191460635	4.938664626
TCGA-UF-A7JD-01A	TCGA-UF-A7JD	4.320289125	1.679318088	9.21823089	2.739270045	4.560313389
TCGA-UF-A7JO-01A	TCGA-UF-A7JO	4.070077857	1.957893866	7.65039722	1.645439746	5.367247795
TCGA-UF-A7JS-01A	TCGA-UF-A7JS	4.266186536	0.851122346	8.649217359	3.207632237	7.153606688
TCGA-UF-A7JT-01A	TCGA-UF-A7JT	3.688702647	2.345806539	11.57586189	3.035907319	5.33455612
TCGA-UP-A6WW-01A	TCGA-UP-A6WW	3.303793976	1.291729224	11.64558641	1.748468962	7.018155726
TCGA-WA-A7H4-01A	TCGA-WA-A7H4	3.343330056	1.755470715	10.47301382	4.418005989	6.025072349
